{"edges":[{"A":[[0.36765291843787695,0.086666547395532256],[0.20602785950519464,0.7719339170991073]],"B":[0.20567452146475984,0.38827163104780171],"b":[0.55177853195722748,0.22895325202310002],"from":0,"to":1},{"A":[[0.29157031790693089,0.96442266721590131],[0.60353343875088683,0.432484993970361]],"B":[0.69475219461794013,0.75809927528945409],"b":[0.43264232614710052,0.65549803980353738],"from":1,"to":2},{"A":[[0.609857169290216,0.31581143833886605],[0.059403296858277166,0.77272213086293473]],"B":[0.69643298900609485,0.12533218110917999],"b":[0.13015145038942355,0.092352338719201565],"from":2,"to":3},{"A":[[0.31747977514943537,0.21756330942282065],[0.31642899914629097,0.25104184601573609]],"B":[0.892922405285977,0.703223224556291],"b":[0.55573794271938659,0.18443366775765324],"from":3,"to":4},{"A":[[0.684096066962009,0.982835201393951],[0.40238833269616192,0.40218398522248466]],"B":[0.62067194719957841,0.15436980547927237],"b":[0.38134520444447195,0.16113397184936085],"from":4,"to":5},{"A":[[0.31752058289922636,0.93573087278488043],[0.65369013396647513,0.45788633385436683],[0.95693592407068406,0.24047839683208461]],"B":[[0.76389794428647828,0.743688341487326],[0.75932738313109627,0.10592041673276531],[0.74064806497861424,0.68156043047031567]],"b":[0.46326057859371916,0.21216320525493437,0.098518737688108371],"from":5,"to":6},{"A":[[0.57739419670664871,0.75194639386745,0.76732951077657441],[0.44003559576025364,0.22866948210550142,0.67120218535653553],[0.2576137367124377,0.0641870873918986,0.71521251478584014]],"B":[[0.64206082843385226,0.81614010287532268],[0.41904829362488305,0.31742786365584963],[0.39076208220417452,0.81453977290065127]],"b":[0.78907351493895828,0.85226389034384564,0.50563661757175615],"from":6,"to":7},{"A":[[0.18061688775310836,0.34743764558179013,0.627346502443467],[0.045051107473574215,0.66061682450290382,0.021649814630306463],[0.72317347918309527,0.3838686010719714,0.91056998852302851]],"B":[[0.80055865627881106,0.38330631862552922],[0.74584748434272119,0.61727923231644921],[0.81311281361076071,0.57549485970281389]],"b":[0.53005170476501562,0.27506975582193505,0.24862895966197041],"from":7,"to":8},{"A":[[0.67664467843353915,0.33669926439147613,0.29550725083159679],[0.98830226231328622,0.66238186039948121,0.68017837123050207],[0.76683138721659427,0.24416528679027927,0.52784683041879787]],"B":[[0.41159351340753458,0.58353317426195861],[0.60263821803639717,0.55179251493596748],[0.75052005592373561,0.58357061875771443]],"b":[0.5118199199584752,0.082592726998699351,0.71957013485948973],"from":8,"to":9}],"nodes":[{"Q":[[8.0987068800640412,0.66160902972132685],[0.66160902972132685,9.94081216561405]],"R":1.0393993514789086,"S":[0.36643661631919888,0.36919880433001817],"q":[0.68502847266160927,0.59794163538388911],"r":0.78936394364190543,"xopt":[-0.0894303376742216,0.010533985368319621],"uopt":-0.73220430547616822},{"Q":[[1.6480038440234024,0.31816294875722351],[0.31816294875722351,3.7225953041742863]],"R":1.299117533761436,"S":[0.09149873133941222,0.40531541988059128],"q":[0.10484624711575652,0.11228396215602665],"r":0.78442789074391273,"xopt":[0.36921638131335455,-0.065634508382169665],"uopt":-0.9398488027956442},{"Q":[[8.0880576528390229,0.56061032740350947],[0.56061032740350947,5.1422165932468751]],"R":1.5609717544946196,"S":[0.2729387941236906,0.03723463407032801],"q":[0.67329491410865316,0.42956445925185305],"r":0.45173923490473555,"xopt":[-0.1759665621635722,0.13744783581779596],"uopt":-0.21719711340354486},{"Q":[[5.3199132293937224,0.53934128005104043],[0.53934128005104043,1.8111019074224786]],"R":0.88476610418709467,"S":[0.13430330431357462,0.098594092710997727],"q":[0.14202724843192838,0.16825129849152776],"r":0.19624892225695534,"xopt":[-0.085018655266327237,0.16088654141201031],"uopt":-0.62553522541552686},{"Q":[[5.7899205100810827,0.49557360944612233],[0.49557360944612233,3.8410051170628439]],"R":1.4111980814619409,"S":[0.9879347349524954,0.17043202305688332],"q":[0.25779225057201305,0.39679931863314366],"r":0.073994769576937958,"xopt":[0.0051948294839764264,-0.24197034417212926],"uopt":-0.27704632426934594},{"Q":[[3.6995987690059149,0.6109439334006409],[0.6109439334006409,5.9918287473163927]],"R":[[1.7376084694238321,0.46640076128891272],[0.46640076128891272,1.1445163297740315]],"S":[[0.35960631797223563,0.74254536570193908],[0.55831919986929712,0.42433478362569066]],"q":[0.42935578857620504,0.12487275871981285],"r":[0.024434016050373986,0.29018526513072718],"xopt":[-0.02487288663152043,0.023140126113049386],"uopt":[-0.25089057545696769,-0.42970942614813512]},{"Q":[[6.2324152863426026,0.42049847689659509,0.43313610836773425],[0.42049847689659509,7.6917283574589126,0.33507429248533532],[0.43313610836773425,0.33507429248533532,1.3190872503707762]],"R":[[1.4608711088202917,0.43440294488163889],[0.43440294488163889,1.6179440445687456]],"S":[[0.398880752383199,0.18073776025479438,0.020535774658184569],[0.41509338661304662,0.25538674048805077,0.9236756126204072]],"q":[0.65369988900825293,0.9326135720485641,0.1635123685275256],"r":[0.92109725589219749,0.79465788538875315],"xopt":[-0.034208829749797776,-0.0295234934341273,-0.39841288133102215],"uopt":[-0.79399733089785829,-0.052827564643170177]},{"Q":[[7.1601721185475258,0.50545661757880556,0.39951890344882968],[0.50545661757880556,6.9166563160819123,0.81409600293782947],[0.39951890344882968,0.81409600293782947,4.0966258138144767]],"R":[[1.5937376942294104,0.22312361973772221],[0.22312361973772221,0.92482566245790743]],"S":[[0.8415600874682061,0.57102587282437889,0.95738402259572331],[0.73422969119331316,0.17685505762530274,0.26532203619292005]],"q":[0.924580895239601,0.22377040469704101,0.37356380764264496],"r":[0.0875003495765857,0.640116548246715],"xopt":[-0.1115017886687566,0.21355190134524704,-0.14331515551519836],"uopt":[-0.02613756261062683,-0.56138002166332646]},{"Q":[[1.1211013544294741,0.60690853396125888,0.4457634017569812],[0.60690853396125888,9.423975569114738,0.66887781561152082],[0.4457634017569812,0.66887781561152082,1.1709202460672972]],"R":[[2.4818484115586354,0.65893702398297349],[0.65893702398297349,2.1372347030921333]],"S":[[0.13786899241255823,0.18214107589043371,0.10694165855020699],[0.2178015937121246,0.041819863972954341,0.61644348508568514]],"q":[0.93966101016106673,0.35445573096732885,0.410629090059514],"r":[0.98434941698445155,0.94557918903526261],"xopt":[0.25809514551440982,0.041996845009643735,-0.22485289055409607],"uopt":[-0.47492482764192578,-0.49516640572413473]},{"Q":[[4.0853020469650225,0.35049153312864073,0.69234305210211056],[0.35049153312864073,8.1475881784086255,0.33621346667460411],[0.69234305210211056,0.33621346667460411,7.9543753171538585]],"R":[],"S":[],"q":[0.69378761498689723,0.0098022522630620834,0.84321333801050957],"r":[],"xopt":[0.14973127105896422,-0.34689034949018849,0.16364670546690019],"uopt":[]}]}