{"edges":[{"A":[[0.84908547995445516,0.59318457521849033],[0.37253423989953949,0.87255256464755859]],"B":[0.93350160850710528,0.66846427436137557],"b":[0.20677645793510502,0.65385059206258811],"from":0,"to":1},{"A":[[0.24668719763807923,0.88283760558305246],[0.78442309302417712,0.91371168129301816]],"B":[0.558284923622275,0.59886810274620539],"b":[0.14887672033754906,0.89971348453573852],"from":1,"to":2},{"A":[[0.89619885684949541,0.39002651281399769],[0.82657889231356019,0.49790294296418658]],"B":[0.69480519267249385,0.83436900109993772],"b":[0.60962968967573239,0.574737160856408],"from":2,"to":3},{"A":[[0.34271322112327951,0.54655379308295893],[0.37569214000958828,0.56192015426597675]],"B":[0.39582222862400096,0.39813087953133586],"b":[0.51536721921157236,0.657530542095911],"from":3,"to":4},{"A":[[0.1465148564422315,0.85932041142878535],[0.631141207014955,0.9742216312387133]],"B":[0.5708384274721835,0.9968502145749486],"b":[0.55354157349553257,0.51545845484032582],"from":4,"to":5},{"A":[[0.53188916949292575,0.42791091982017082],[0.20207509654843159,0.966052749611999],[0.45389346568052191,0.62005505413347373]],"B":[[0.69538995191800357,0.51699042052531019],[0.72016461201797943,0.5566946320121019],[0.34689519028761362,0.15649521911404451]],"b":[0.5620560455617748,0.69480328910845623,0.42645553571023742],"from":5,"to":6},{"A":[[0.055976157387790493,0.019621066765584061,0.61739017145408426],[0.056343018543356771,0.43517554569695183,0.520129415310742],[0.1525006370024703,0.83222147528281765,0.86386822293361065]],"B":[[0.097697918161443131,0.5169967580969449],[0.90805220318676916,0.14315602208357614],[0.10801669413675896,0.55937057240300392]],"b":[0.0045796239473234746,0.76668199862148745,0.8487092264582824],"from":6,"to":7},{"A":[[0.3001844012139,0.40362866277360709,0.14025535926944432],[0.40138685381449279,0.39017593813060658,0.26013019411244009],[0.83336356345313434,0.36044889337894459,0.086815100865833661]],"B":[[0.4293973370858053,0.42485841170462579],[0.25728278476985988,0.11920725942128707],[0.29755538415111837,0.49506692380045914]],"b":[0.70640722753756047,0.24357337268095081,0.78507008193400607],"from":7,"to":8},{"A":[[0.64512878660738249,0.77236621361304258,0.89092882102569493],[0.55230984450772991,0.22802832360045022,0.85637690772826069],[0.21810872978328,0.37086471897340523,0.40243354981344415]],"B":[[0.31801911749673506,0.90909818780088225],[0.60863543063498959,0.59159440890743786],[0.91019522669448172,0.33257140733555113]],"b":[0.85306362920991918,0.44239789304116506,0.90435547821794371],"from":8,"to":9}],"nodes":[{"Q":[[7.8813948227613961,0.91387413845980559],[0.91387413845980559,6.3167410660000005]],"R":0.91891942765276835,"S":[0.64630195735065554,0.52120295267241823],"q":[0.37231266077951208,0.93713466634156228],"r":0.82953282452651489,"xopt":[0.10041459866248903,-0.20168039348893285],"uopt":-0.58949837718745468},{"Q":[[8.1815518736033,0.53682922414843115],[0.53682922414843115,5.7792083778958334]],"R":1.5908441175510462,"S":[0.971785992989294,0.987974701230832],"q":[0.86414752903120273,0.38888377591242851],"r":0.45474182803911178,"xopt":[-0.37789434622356932,0.12122311872841818],"uopt":-0.715479286859348},{"Q":[[9.2752566546550952,0.55266166498652214],[0.55266166498652214,3.6120877196214392]],"R":2.0017857952883591,"S":[0.12281499389952588,0.40731842305681287],"q":[0.27528695131569003,0.71666974063914168],"r":0.28338438162893631,"xopt":[-0.236765948073701,0.2855696891839572],"uopt":-0.80478837487130539},{"Q":[[7.5345988790921066,0.5851100920424408],[0.5851100920424408,1.070532792539856]],"R":1.5517941156013113,"S":[0.43782017916627003,0.11703681950565781],"q":[0.81468168951858222,0.32485543863050903],"r":0.24622811423464142,"xopt":[-0.050351074154050046,-0.15027305801207436],"uopt":-0.52184944885036222},{"Q":[[2.2942986155520408,0.56121412984491781],[0.56121412984491781,1.4365390587280942]],"R":0.41204368897407606,"S":[0.324219920294049,0.301726777204647],"q":[0.011680991130339602,0.53990509384962526],"r":0.095372692627821554,"xopt":[0.20941931869638886,0.34640819930129174],"uopt":-1.4654102821157924},{"Q":[[9.2080742213174283,0.46090402599857055],[0.46090402599857055,0.71737299442163682]],"R":[[2.0734664258958668,0.61058209542596265],[0.61058209542596265,2.3859449598304749]],"S":[[0.93111162748722065,0.25858225141877234],[0.1907846480091222,0.89786568484029916]],"q":[0.59336186038610894,0.50384008184684792],"r":[0.61280958883555914,0.81942224223187587],"xopt":[0.045387750211906774,-0.47568457675507925],"uopt":[-0.29303741626636515,-0.15266805180906573]},{"Q":[[10.288405292360917,0.59279971900766582,0.54715107388585549],[0.59279971900766582,8.2287158809095811,0.60291624366234553],[0.54715107388585549,0.60291624366234553,7.7494711554446019]],"R":[[0.21001421300225398,0.49041769378091071],[0.49041769378091071,0.916755216006767]],"S":[[0.83418906105689949,0.8637108650558657,0.66904259008155542],[0.015644692696527018,0.078069053032434277,0.50021132428110238]],"q":[0.21799379875015357,0.57161572540408911,0.12218915092341975],"r":[0.671166232988653,0.59958554812281384],"xopt":[0.09994347843041107,-0.051586032321691233,0.026561022466347062],"uopt":[-1.2122402459124166,-0.35520705217530457]},{"Q":[[7.53278320108088,0.62919494960058664,0.54537111375035052],[0.62919494960058664,5.270540658983367,0.63536796337013879],[0.54537111375035052,0.63536796337013879,1.7934428243650156]],"R":[[2.250385504846125,0.515558928951706],[0.515558928951706,1.8458103488320545]],"S":[[0.839697420719669,0.553887065791275,0.36718990531736739],[0.53262350247434631,0.68006553008336068,0.23929060619354536]],"q":[0.57892349245909358,0.86688705467250782,0.40677676021522557],"r":[0.11261514102504677,0.44384583672695732],"xopt":[-0.27651382570899807,-0.387948149498367,0.51433033397784544],"uopt":[-0.21836356461447903,-0.47657924413770281]},{"Q":[[1.4605792927868795,0.30728015945736031,0.072939088892639448],[0.30728015945736031,5.9901566723792463,0.2286278350590556],[0.072939088892639448,0.2286278350590556,9.1854711221630385]],"R":[[1.9869398398159772,0.35192791566774584],[0.35192791566774584,0.90575630302193422]],"S":[[0.06835722047082915,0.17385303736500102,0.95467827408044947],[0.43632707748010269,0.026107108154904912,0.43059651985941727]],"q":[0.96155857310366322,0.76241448400299294,0.0073486611028469317],"r":[0.68003864046013873,0.70595075424888343],"xopt":[0.24270924942969785,0.0020162829954115669,0.15853581874877609],"uopt":[-0.506095890337825,-0.9896440535586537]},{"Q":[[0.52056533377479408,0.355864163160961,0.51921226484365279],[0.355864163160961,5.8638542575904875,0.295784829902737],[0.51921226484365279,0.295784829902737,3.2966803482319698]],"R":[],"S":[],"q":[0.24150174173411221,0.24314517940655056,0.1541594491700744],"r":[],"xopt":[0.091812007671767226,-0.18082099434229137,0.23206700556738025],"uopt":[]}]}